0 0.230605 0.418920 0.038007 0.083986
0 0.420238 0.376928 0.079250 0.061590
5 0.407300 0.465113 0.080867 0.069988
5 0.492614 0.614187 0.025069 0.060190
6 0.270230 0.761862 0.092997 0.142776
1 0.359858 0.858446 0.056068 0.103582
5 0.907839 0.141768 0.184322 0.139976
0 0.810017 0.276145 0.161734 0.061590
0 0.920400 0.374128 0.126961 0.095184
0 0.747345 0.490308 0.191655 0.125979
0 0.918783 0.585492 0.109170 0.173570
5 0.729554 0.634484 0.097849 0.069988
0 0.775244 0.799656 0.313764 0.302348
0 0.274408 0.296441 0.056607 0.048992
0 0.069006 0.852846 0.114831 0.128778
0 0.303520 0.857046 0.051755 0.086785
1 0.742628 0.475611 0.080867 0.062989