7 0.313804 0.232009 0.367540 0.167556
0 0.197160 0.351973 0.049826 0.044615
0 0.285616 0.354452 0.063263 0.034701
0 0.365394 0.373041 0.070541 0.081795
0 0.426697 0.435627 0.081178 0.085513
0 0.269100 0.412080 0.066062 0.058248
0 0.387508 0.543447 0.069981 0.070641
0 0.489400 0.246631 0.012876 0.029744
0 0.425018 0.312315 0.035270 0.029744
0 0.482682 0.321610 0.036390 0.040897
0 0.450491 0.363747 0.042548 0.043376
0 0.513194 0.384815 0.036950 0.030983
0 0.543705 0.291247 0.045348 0.069402
0 0.589333 0.298682 0.027992 0.061966
0 0.627963 0.301161 0.029112 0.037180
0 0.659314 0.285050 0.038070 0.044615
0 0.680868 0.269558 0.016236 0.050812
0 0.727056 0.303640 0.031351 0.047094
0 0.637200 0.335242 0.049826 0.050812
0 0.632441 0.420135 0.029112 0.066923
0 0.966670 0.281332 0.007838 0.034701