7 0.479035 0.284663 0.357230 0.183459
0 0.369258 0.397149 0.074600 0.044191
0 0.444161 0.397819 0.052159 0.037495
0 0.433851 0.466114 0.065502 0.045530
0 0.511180 0.443349 0.051553 0.069634
0 0.580624 0.478835 0.059437 0.065617
0 0.533014 0.600695 0.066109 0.068295
0 0.526342 0.371036 0.085517 0.040174
0 0.607917 0.401166 0.036390 0.049547
0 0.579108 0.351619 0.015163 0.028121
0 0.668264 0.413218 0.036997 0.041513
0 0.636726 0.353628 0.018802 0.034817
0 0.695676 0.299549 0.025142 0.024348
0 0.690162 0.332174 0.027348 0.031165
0 0.744417 0.334122 0.033523 0.037008
0 0.795804 0.350192 0.034846 0.030191
0 0.834179 0.321461 0.043668 0.033113
0 0.805287 0.373078 0.054695 0.046747
0 0.790070 0.462191 0.032200 0.053565
0 0.736477 0.376974 0.015879 0.021426
0 0.906077 0.344835 0.033964 0.033113
0 0.117110 0.429078 0.041022 0.037982