0 0.544639 0.274171 0.030022 0.030366
0 0.504155 0.246842 0.024563 0.036439
0 0.480274 0.255952 0.024108 0.038464
0 0.446385 0.274171 0.030932 0.034415
0 0.456165 0.308586 0.044123 0.050610
0 0.405446 0.274677 0.021834 0.045549
0 0.393392 0.250891 0.021379 0.032390
0 0.393620 0.318202 0.022744 0.029354
0 0.378609 0.284799 0.010007 0.023281
0 0.072250 0.397153 0.056860 0.090086
0 0.247377 0.421446 0.061408 0.071866
0 0.160268 0.372354 0.045488 0.056683
0 0.081120 0.329842 0.063683 0.044537
0 0.152990 0.325287 0.040029 0.031378
0 0.189608 0.316177 0.045033 0.053647
0 0.232821 0.285811 0.022289 0.029354
0 0.259659 0.332879 0.035025 0.038464
0 0.298550 0.294415 0.025473 0.042512
0 0.331302 0.353629 0.038210 0.047573
0 0.212506 0.545034 0.077936 0.083244
0 0.455278 0.395021 0.016367 0.036419
0 0.351373 0.259530 0.032928 0.028182
0 0.352218 0.224773 0.018575 0.022545
0 0.306414 0.222894 0.027440 0.033818
0 0.595168 0.352529 0.015620 0.030060
0 0.755164 0.246848 0.024907 0.042272
7 0.150008 0.201585 0.289908 0.257773