0 0.054772 0.195636 0.020714 0.041182
0 0.113836 0.195636 0.027992 0.018719
0 0.148266 0.203123 0.021834 0.031199
0 0.211809 0.248050 0.038070 0.031199
0 0.252118 0.215603 0.035830 0.036191
0 0.274792 0.198755 0.027433 0.052414
0 0.319580 0.236818 0.037510 0.041182
0 0.224965 0.281120 0.058784 0.054910
0 0.165902 0.228082 0.039189 0.061150
0 0.109357 0.229954 0.043668 0.039935
0 0.040620 0.263400 0.022767 0.034943
0 0.085594 0.326630 0.045534 0.048254
0 0.236380 0.369892 0.018662 0.041598
0 0.017293 0.415234 0.034337 0.072381
0 0.006780 0.308326 0.013560 0.038271
0 0.007900 0.580796 0.015800 0.072381
0 0.245524 0.173131 0.013810 0.019135
0 0.386419 0.313734 0.023140 0.025791
0 0.535525 0.220554 0.019035 0.047422
0 0.482527 0.282119 0.019781 0.020799
0 0.457520 0.280871 0.016049 0.019967
0 0.866022 0.328294 0.022394 0.034943
0 0.988560 0.292519 0.022879 0.036607
0 0.857313 0.653593 0.080618 0.076541